11 00 09 00 B3 90 0F 00 05 00 00 00 01 00 00 01 19 00 00 01
11 00 09 10 B3 90 0F 00 53 49 4F 30 08 DC 28 8C 66 73 00 00
12 00 09 00 EC 91 0F 00 01 00 00 01 05 00 00 00 15 00 00 01
12 00 09 10 EC 91 0F 00 53 49 4F 30 08 76 28 8C 73 6D 64 74
05 00 0E 00 EC 91 0F 00 01 00 02 00 0E 00 01 00 0E 00 00 00
05 00 0E 10 EC 91 0F 00 01 00 00 00 01 00 00 00 00 00 00 00
04 00 0E 00 EE 91 0F 00 01 00 00 00 12 00 01 00 0E 00 00 00
04 00 0E 10 EE 91 0F 00 01 00 00 00 01 00 00 00 00 00 00 00
11 00 09 00 EF 91 0F 00 06 00 00 00 01 00 00 01 19 00 00 01
11 00 09 10 EF 91 0F 00 53 49 4F 30 08 DC 28 8C 66 73 00 00
12 00 09 00 00 92 0F 00 01 00 00 01 06 00 00 00 15 00 00 01
12 00 09 10 00 92 0F 00 53 49 4F 30 08 76 28 8C 73 6D 64 74
05 00 0E 00 00 92 0F 00 01 00 02 00 0E 00 01 00 0E 00 00 00
05 00 0E 10 00 92 0F 00 01 00 00 00 01 00 00 00 00 00 00 00
04 00 0E 00 01 92 0F 00 02 00 00 00 0E 00 04 00 0E 00 00 00
11 00 09 00 F8 8B 0F 00 FE FF FF 00 FE FF FF FF 14 00 00 02
11 00 09 10 F8 8B 0F 00 53 49 4F 30 E8 7B 8A 8C 72 63 77 6F
11 00 09 00 F8 8B 0F 00 FE FF FF 00 FE FF FF FF 14 00 00 02
11 00 09 10 F8 8B 0F 00 53 49 4F 30 08 76 28 8C 73 6D 64 74
12 00 09 00 FD 8B 0F 00 FE FF FF 01 FE FF FF FF 14 00 00 02
12 00 09 10 FD 8B 0F 00 53 49 4F 30 08 76 28 8C 73 6D 64 74
11 00 09 00 01 8C 0F 00 FE FF FF 00 FE FF FF FF 14 00 00 02
11 00 09 10 01 8C 0F 00 53 4D 44 30 E8 7B 8A 8C 72 63 77 6F
11 00 09 00 02 8C 0F 00 FE FF FF 00 FE FF FF 01 14 00 00 04
11 00 09 10 02 8C 0F 00 53 49 4F 30 E8 7B 8A 8C 72 63 77 6F
11 04 09 00 03 8C 0F 00 01 00 00 00 00 01 00 00 00 01 00 00
11 00 09 00 06 8C 0F 00 FE FF FF 00 FE FF FF 01 14 00 00 04
11 00 09 10 06 8C 0F 00 53 49 4F 30 70 CF 29 8C 51 4D 49 5F
11 04 09 00 07 8C 0F 00 02 00 00 00 0F 00 00 00 01 00 00 00
12 00 09 00 7B 8F 0F 00 FE FF FF 01 FE FF FF 00 14 00 00 04
